  1.00   1.03   0.00   1.03   2.32  -0.50
  0.00   1.03   0.00   1.03   0.20   0.53
  1.00   1.03   0.00   1.01  -0.94   0.21
  1.00   1.00   0.00   0.99  -0.48   0.00
  1.00   1.00   0.00   1.00  -0.08  -0.02
  1.00   1.03   0.00   1.03  -0.11   0.07
  1.00   1.00   0.00   1.01   0.00   0.00
  1.00   1.03   0.00   1.03   0.00   0.12
  1.00   1.00   0.00   1.00  -0.29  -0.17
  1.00   1.00   0.00   0.99  -0.09  -0.06
  1.00   1.00   0.00   1.01  -0.04  -0.02
  1.00   1.00   0.00   1.01  -0.06  -0.02
  1.00   1.00   0.00   1.01  -0.14  -0.06
  1.00   1.00   0.00   0.98  -0.15  -0.05
